results/chime/wasp39_fit/chime_wasp_39.ecsv
# %ECSV 1.0
# ---
# datatype:
# - {name: obs_id, datatype: string}
# - {name: wl_center_um, unit: um, datatype: float64}
# - {name: wl_min_um, unit: um, datatype: float64}
# - {name: wl_max_um, unit: um, datatype: float64}
# - {name: scatter_ppm, datatype: float64}
# - {name: photon_noise_ppm, datatype: float64}
# - {name: systematic_excess, datatype: float64}
# - {name: allan_ratio, datatype: float64}
# - {name: grade, datatype: string}
# - {name: depth_ppm, datatype: float64}
# meta: !!omap
# - __serialized_columns__:
#     wl_center_um:
#       __class__: astropy.units.quantity.Quantity
#       unit: &id001 !astropy.units.Unit {unit: um}
#       value: !astropy.table.SerializedColumn {name: wl_center_um}
#     wl_max_um:
#       __class__: astropy.units.quantity.Quantity
#       unit: *id001
#       value: !astropy.table.SerializedColumn {name: wl_max_um}
#     wl_min_um:
#       __class__: astropy.units.quantity.Quantity
#       unit: *id001
#       value: !astropy.table.SerializedColumn {name: wl_min_um}
# schema: astropy-2.0
obs_id wl_center_um wl_min_um wl_max_um scatter_ppm photon_noise_ppm systematic_excess allan_ratio grade depth_ppm
jw01366-o004_t001_nirspec_clear-prism-s1600a1-sub512 0.6167310900399727 0.5951400294648217 0.6420530382318312 2259.3266503277227 4095.032791488004 0.5517237017061237 1.2853509208666802 A -202.1442621789049
jw01366-o004_t001_nirspec_clear-prism-s1600a1-sub512 0.6652399281988228 0.6420530382318312 0.6926640513047394 1710.910984307212 1736.8665430092842 0.9850561007081743 1.6677894874554127 B 93.98724412301718
jw01366-o004_t001_nirspec_clear-prism-s1600a1-sub512 0.7185658247745963 0.6926640513047394 0.7472645706827966 1536.5785233917013 1486.5286621414316 1.033668951379767 2.177110337827159 B -101.90373881258097
jw01366-o004_t001_nirspec_clear-prism-s1600a1-sub512 0.7758828867178702 0.7472645706827966 0.8061690765471426 1707.5493042744722 1507.573857408339 1.1326471972722514 3.6496176259332427 B -219.12667954215868
jw01366-o004_t001_nirspec_clear-prism-s1600a1-sub512 0.835447175465132 0.8061690765471426 0.8697168385583074 1734.2954084383766 1640.9501235355308 1.0568849007438006 3.0688971421385105 B -49.74059553330967
jw01366-o004_t001_nirspec_clear-prism-s1600a1-sub512 0.9004830849218123 0.8697168385583074 0.938273869932574 1815.3976781705967 2157.154309486287 0.8415706146691576 1.3582314000332913 A 264.3728316448213
jw01366-o004_t001_nirspec_clear-prism-s1600a1-sub512 0.976474913499498 0.938273869932574 1.0122350355520084 2660.5659512392563 2089.3237808347494 1.2734100744195225 2.079217852124039 B 504.281449942634
jw01366-o004_t001_nirspec_clear-prism-s1600a1-sub512 1.0563040076257824 1.0122350355520084 1.0920263262501457 19162.96729851109 2045.4752987439333 9.368466737426996 5.452379393261549 C 184.86545742379957
jw01366-o004_t001_nirspec_clear-prism-s1600a1-sub512 1.1374422567620912 1.0920263262501457 1.1781073123724317 5460.907905364818 1665.9598053367258 3.2779349705025167 43.44294583565711 B -487.29373603029205
jw01366-o004_t001_nirspec_clear-prism-s1600a1-sub512 1.2257316157696885 1.1781073123724317 1.270973790743087 2362.704697523904 1710.7980159773929 1.3810541486828132 109.67650825053269 B 16.695824347712218
jw01366-o004_t001_nirspec_clear-prism-s1600a1-sub512 1.3196816260039879 1.270973790743087 1.3711606402840053 2241.592498449733 1831.333362324942 1.2240220948107188 3.5234438511310393 B -66.62633171283794
jw01366-o004_t001_nirspec_clear-prism-s1600a1-sub512 1.4273975472983815 1.3711606402840053 1.4792449027330734 1932.3204841391755 1706.3047876541282 1.1324591585983765 3.3021825245222396 B 252.37789012988455
jw01366-o004_t001_nirspec_clear-prism-s1600a1-sub512 1.537205497283787 1.4792449027330734 1.5958491062057836 1679.0554178979737 1709.538429130139 0.9821688645819586 3.5308869635889115 B 64.08784532418998
jw01366-o004_t001_nirspec_clear-prism-s1600a1-sub512 1.657043581834094 1.5958491062057836 1.7216448507427111 1400.3907546172659 1709.7735251882168 0.8190504379596747 1.8015008092443388 B -66.24695841850325
jw01366-o004_t001_nirspec_clear-prism-s1600a1-sub512 1.7946708814086765 1.7216448507427111 1.8573566764943743 1529.9603202900862 2072.848670622652 0.7380955213824217 3.4877297375315015 B -264.2377525874373
jw01366-o004_t001_nirspec_clear-prism-s1600a1-sub512 1.93773488978611 1.8573566764943743 2.00376623682289 1309.6863356502874 1782.4383967098001 0.7347722861378183 2.020768211270039 B 40.862243349981675
jw01366-o004_t001_nirspec_clear-prism-s1600a1-sub512 2.0844112249935884 2.00376623682289 2.1617168003560496 1410.029999619433 1262.7629153813007 1.1166229087379114 2.2385255443899394 B -88.73780238816131
jw01366-o004_t001_nirspec_clear-prism-s1600a1-sub512 2.2416185953751344 2.1617168003560496 2.3321181079241025 1450.3495199430718 1211.2715530261921 1.197377678291525 2.3140942928261246 B -109.08498158901381
jw01366-o004_t001_nirspec_clear-prism-s1600a1-sub512 2.4231851705250125 2.3321181079241025 2.5159516123535197 1609.8437970278105 1263.0992364673345 1.2745188584946494 1.6904116309240693 B -239.19337236377737
jw01366-o004_t001_nirspec_clear-prism-s1600a1-sub512 2.617037365211791 2.5159516123535197 2.7142761312971566 1748.1052675654869 1524.4615865932724 1.1467033888810494 1.3588520429685877 A 15.36626309439626
jw01366-o004_t001_nirspec_clear-prism-s1600a1-sub512 2.8200884289719546 2.7142761312971566 2.9282339456591546 2108.3219858482084 1483.1402714993885 1.4215256819348512 1.325143582967506 A -68.52995374528881
jw01366-o004_t001_nirspec_clear-prism-s1600a1-sub512 3.0432551807482096 2.9282339456591546 3.1590573787394236 2482.7429264765756 1496.370748538898 1.659176329730317 1.2789365280425282 A -115.19422556238723
jw01366-o004_t001_nirspec_clear-prism-s1600a1-sub512 3.2824569034557696 3.1590573787394236 3.4080758939913016 2927.7504793916246 1597.6213883186597 1.8325684050041393 1.2281978730613854 A -142.33291962106875
jw01366-o004_t001_nirspec_clear-prism-s1600a1-sub512 3.5394154387377896 3.4080758939913016 3.6767237522730283 3494.463332270794 1682.640167101731 2.076773989230177 1.1558072078490547 B 186.36418567563595
jw01366-o004_t001_nirspec_clear-prism-s1600a1-sub512 3.8207671679687776 3.6767237522730283 3.9665482726961696 4588.847160911368 1860.5842639973512 2.4663473994198526 1.0181736568264743 B 551.4537292951038
jw01366-o004_t001_nirspec_clear-prism-s1600a1-sub512 4.125860119499593 3.9665482726961696 4.279218744650638 6039.9550396771865 2045.822112882649 2.952336374528007 1.1087634511822724 B -447.32193804453146
jw01366-o004_t001_nirspec_clear-prism-s1600a1-sub512 4.453446403033891 4.279218744650638 4.616536042336482 8029.181606129688 2353.8962609370337 3.4110176133817602 1.1188788916298174 B -588.8587314004657
jw01366-o004_t001_nirspec_clear-prism-s1600a1-sub512 4.802196700408425 4.616536042336482 4.98044299717886 10369.833344827939 2653.1943695036966 3.908433345110599 1.0368745409207663 B -382.34143739646066
jw01366-o004_t001_nirspec_clear-prism-s1600a1-sub512 5.1782465218918174 4.98044299717886 5.373035587867726 13550.963444478346 3368.097684952812 4.023328511229982 1.0564505211504456 B -424.95058190383793
jw01366-o003_t001_nirspec_f290lp-g395h-s1600a1-sub2048 2.8742513643152665 2.861689451535732 2.8869442128725287 1223.2527514950434 8126.0693628992585 0.15053437238426493 1.0637077656427165 A -134.42114398576342
jw01366-o003_t001_nirspec_f290lp-g395h-s1600a1-sub2048 2.89971142843037 2.8869442128725287 2.9124218505839217 761.7808660329976 695.3026186677184 1.095610523505088 1.0 A 117.94787483698776
jw01366-o003_t001_nirspec_f290lp-g395h-s1600a1-sub2048 2.925166268517357 2.9124218505839217 2.9381243315813252 815.1808442911616 628.2313011181999 1.2975807522487448 1.2354005637684338 A -491.07265628367537
jw01366-o003_t001_nirspec_f290lp-g395h-s1600a1-sub2048 2.9509551284705653 2.9381243315813252 2.9640536401343907 780.8021046138697 614.2962728994725 1.2710513461663886 1.3071547530793841 A -162.1886838958364
jw01366-o003_t001_nirspec_f290lp-g395h-s1600a1-sub2048 2.977078016974477 2.9640536401343907 2.9902117780241904 675.4725469990527 645.0945529749869 1.0470907619417515 1.0 A -431.7632473367361
jw01366-o003_t001_nirspec_f290lp-g395h-s1600a1-sub2048 3.003534134787631 2.9902117780241904 3.016600764697763 666.9965862719629 653.5330746904253 1.020601117377135 1.128397048631164 A -36.42283847971051
jw01366-o003_t001_nirspec_f290lp-g395h-s1600a1-sub2048 3.0567662307832877 3.0432226374240137 3.0700794514509986 663.7713741795411 961.1246031714616 0.6906194805431762 1.0 A 317.0551654018139
jw01366-o003_t001_nirspec_f290lp-g395h-s1600a1-sub2048 3.0838806169209043 3.0700794514509986 3.0971732801645895 664.0916823435665 698.6736518315129 0.9505034011268456 1.4320642291453547 A -717.9192995783179
jw01366-o003_t001_nirspec_f290lp-g395h-s1600a1-sub2048 3.1109878441023833 3.0971732801645895 3.1245062152485428 708.4982932963176 665.2207921691339 1.0650573488331077 1.7147416919699079 B -220.35746041204618
jw01366-o003_t001_nirspec_f290lp-g395h-s1600a1-sub2048 3.1384264508818114 3.1245062152485428 3.152080366845982 806.2997536501352 607.4189137685242 1.327419570536127 1.3452930784339698 A -281.75421968024136
jw01366-o003_t001_nirspec_f290lp-g395h-s1600a1-sub2048 3.166196021408782 3.152080366845982 3.179897863722304 708.6853524024045 597.4042966725364 1.1862742808340836 1.2775646521680843 A -239.90320303113322
jw01366-o003_t001_nirspec_f290lp-g395h-s1600a1-sub2048 3.1939575941761382 3.179897863722304 3.20796085342952 733.1339089666923 581.1076073680047 1.2616147158824098 1.6752005731791832 B 492.8461175786048
jw01366-o003_t001_nirspec_f290lp-g395h-s1600a1-sub2048 3.2220494243449957 3.20796085342952 3.2362715024720528 726.9892657031457 661.7068957202408 1.0986575331240092 1.0 A -61.743996521368416
jw01366-o003_t001_nirspec_f290lp-g395h-s1600a1-sub2048 3.2504710139840127 3.2362715024720528 3.264831996473996 561.1434870252907 619.9431481973273 0.9051531396983505 1.244635000055759 A -924.686877982861
jw01366-o003_t001_nirspec_f290lp-g395h-s1600a1-sub2048 3.279221857542346 3.264831996473996 3.2936445403478385 621.382014431549 599.1215694799853 1.0371551385988071 1.0 A 90.52072647708354
jw01366-o003_t001_nirspec_f290lp-g395h-s1600a1-sub2048 3.3083015001278353 3.2936445403478385 3.3227113584646997 643.7383800670864 603.5983955209516 1.0665011452051505 1.6641330727634995 B -438.00302174568094
jw01366-o003_t001_nirspec_f290lp-g395h-s1600a1-sub2048 3.3373714582930107 3.3227113584646997 3.352034694826042 712.230637885499 578.1842573030756 1.2318402462351348 1.5020971724795515 B -99.38132468589878
jw01366-o003_t001_nirspec_f290lp-g395h-s1600a1-sub2048 3.3667693888106243 3.352034694826042 3.3816168132369215 623.2382440188693 613.4587250364881 1.0159416087558286 1.4635781903035194 A 461.31222034284656
jw01366-o003_t001_nirspec_f290lp-g395h-s1600a1-sub2048 3.3964947998438935 3.3816168132369215 3.411459997480748 741.4018242785097 609.9162790898486 1.215579661826491 1.1622651608907155 A -50.9118533504882
jw01366-o003_t001_nirspec_f290lp-g395h-s1600a1-sub2048 3.426546894985933 3.411459997480748 3.4415665514956046 854.4923120750886 612.9463883776644 1.3940734920336895 1.0324765741299482 A -225.6062794125935
jw01366-o003_t001_nirspec_f290lp-g395h-s1600a1-sub2048 3.4569247343337617 3.4415665514956046 3.4719387995521083 664.5528083774539 599.6273054964241 1.1082764281844681 1.1159735128905022 A 63.4525395263319
jw01366-o003_t001_nirspec_f290lp-g395h-s1600a1-sub2048 3.487291050073062 3.4719387995521083 3.5025790864328523 786.7293703827528 589.8431146018663 1.33379427665911 1.0 A -475.370663307384
jw01366-o003_t001_nirspec_f290lp-g395h-s1600a1-sub2048 3.517982852576466 3.5025790864328523 3.533489777613422 607.9618141600536 619.7893572875485 0.9809168341010935 2.1564136806946266 B -526.2408439685728
jw01366-o003_t001_nirspec_f290lp-g395h-s1600a1-sub2048 3.5489996153613315 3.533489777613422 3.5646732594450197 597.6779825010876 587.2024387123104 1.017839748437948 1.8233484709246501 B -456.57511707064555
jw01366-o003_t001_nirspec_f290lp-g395h-s1600a1-sub2048 3.58034073164353 3.5646732594450197 3.5961319393386857 642.9117588676498 589.1031057389237 1.0913399583273846 1.0 A -607.6583238050492
jw01366-o003_t001_nirspec_f290lp-g395h-s1600a1-sub2048 3.6120056273449994 3.5961319393386857 3.6278682459511633 680.26820939413 635.1423139029536 1.071048479220157 1.6730377924656494 B 86.61780392493768
jw01366-o003_t001_nirspec_f290lp-g395h-s1600a1-sub2048 3.643993648398931 3.6278682459511633 3.6598846293723866 694.5049887627057 597.8535653319167 1.1616640412224188 1.400768466938497 A -425.9782571982562
jw01366-o003_t001_nirspec_f290lp-g395h-s1600a1-sub2048 3.676304861470659 3.6598846293723866 3.692183561314637 761.5836990145896 613.6102101641563 1.24115225985377 1.4584571540850078 A -36.743676397499314
jw01366-o003_t001_nirspec_f290lp-g395h-s1600a1-sub2048 3.7069202969576396 3.692183561314637 3.7247675353033607 704.1331832527212 689.1947331050188 1.021675223895575 1.3291671585968716 A -470.64567351062794
jw01366-o004_t001_nirspec_clear-prism-s1600a1-sub512 0.6167310900399727 0.5951400294648217 0.6420530382318312 2260.096433994669 4094.915644724314 0.5519274705710887 1.2589151736565656 A 710.5081466156627
jw01366-o004_t001_nirspec_clear-prism-s1600a1-sub512 0.6652399281988228 0.6420530382318312 0.6926640513047394 1676.8510644891996 1736.7247205038059 0.9655249589599684 1.225053134347613 A 641.3776496880796
jw01366-o004_t001_nirspec_clear-prism-s1600a1-sub512 0.7185658247745963 0.6926640513047394 0.7472645706827966 1504.0863218986156 1486.3871304999686 1.0119075246518674 1.3628103984860267 A 417.8964986822908
jw01366-o004_t001_nirspec_clear-prism-s1600a1-sub512 0.7758828867178702 0.7472645706827966 0.8061690765471426 1602.337558991962 1507.3543444622128 1.0630131958545135 1.1663850779343374 A 384.0782699907619
jw01366-o004_t001_nirspec_clear-prism-s1600a1-sub512 0.835447175465132 0.8061690765471426 0.8697168385583074 1674.3857559150135 1640.6944357288573 1.0205347927392643 1.1605497748092666 A 421.45305830176835
jw01366-o004_t001_nirspec_clear-prism-s1600a1-sub512 0.9004830849218123 0.8697168385583074 0.938273869932574 1796.796423510252 2156.989005389274 0.8330113964516856 1.0887710374794786 A 264.6540496252792
jw01366-o004_t001_nirspec_clear-prism-s1600a1-sub512 0.976474913499498 0.938273869932574 1.0122350355520084 2030.662097613576 2088.2937304941365 0.9724025255456167 1.1404806184850427 A 181.01414315574436
jw01366-o004_t001_nirspec_clear-prism-s1600a1-sub512 1.0563040076257824 1.0122350355520084 1.0920263262501457 4179.268361486241 2025.7188822459896 2.063103818656482 27.278714192228545 B 475.22876610783806
jw01366-o004_t001_nirspec_clear-prism-s1600a1-sub512 1.1374422567620912 1.0920263262501457 1.1781073123724317 3522.0719998923623 1664.5751265544095 2.1158984918769526 68.40826266875358 B 101.9243695818961
jw01366-o004_t001_nirspec_clear-prism-s1600a1-sub512 1.2257316157696885 1.1781073123724317 1.270973790743087 2224.6007410242382 1710.6541354991793 1.3004386420724878 116.42089758146243 B 147.31495659614512
jw01366-o004_t001_nirspec_clear-prism-s1600a1-sub512 1.3196816260039879 1.270973790743087 1.3711606402840053 1901.173620899473 1830.8050739860332 1.038435848749443 1.0692603600693116 A 290.0552151893221
jw01366-o004_t001_nirspec_clear-prism-s1600a1-sub512 1.4273975472983815 1.3711606402840053 1.4792449027330734 1853.0850624330542 1706.066931051791 1.0861737184546603 1.0480794305621932 A 265.11965550168884
jw01366-o004_t001_nirspec_clear-prism-s1600a1-sub512 1.537205497283787 1.4792449027330734 1.5958491062057836 1656.9759221995316 1709.2419418740656 0.9694215205032777 1.192056965250413 A 449.9659259914468
jw01366-o004_t001_nirspec_clear-prism-s1600a1-sub512 1.657043581834094 1.5958491062057836 1.7216448507427111 1398.3229612361954 1709.6172558983183 0.8179157974756442 1.2662328370463316 A 343.5567759964009
jw01366-o004_t001_nirspec_clear-prism-s1600a1-sub512 1.7946708814086765 1.7216448507427111 1.8573566764943743 1419.3243145050478 2077.9783084419123 0.6830313428869575 1.3903110923276505 A 477.7640025089847
jw01366-o004_t001_nirspec_clear-prism-s1600a1-sub512 1.93773488978611 1.8573566764943743 2.00376623682289 1265.712341229464 1788.4796607305402 0.7077029552085925 1.4517109681638736 A 505.0301504668786
jw01366-o004_t001_nirspec_clear-prism-s1600a1-sub512 2.0844112249935884 2.00376623682289 2.1617168003560496 1368.7045374342963 1262.5666559625581 1.0840651707143498 1.3074802622826223 A 465.91389757377755
jw01366-o004_t001_nirspec_clear-prism-s1600a1-sub512 2.2416185953751344 2.1617168003560496 2.3321181079241025 1415.4616086524452 1211.0830439598417 1.168756854215672 1.2564969968883204 A 476.7451720972815
jw01366-o004_t001_nirspec_clear-prism-s1600a1-sub512 2.4231851705250125 2.3321181079241025 2.5159516123535197 1572.5277210291276 1262.9137887809175 1.2451584066930481 1.1998650513584808 A 493.38379224017626
jw01366-o004_t001_nirspec_clear-prism-s1600a1-sub512 2.617037365211791 2.5159516123535197 2.7142761312971566 1719.23234928052 1524.323148966299 1.1278660633386013 1.2136987320494665 A 467.3104082497659
