results/chime/wasp39_fit/chime_wasp_39.ecsv
# %ECSV 1.0
# ---
# datatype:
# - {name: obs_id, datatype: string}
# - {name: wl_center_um, unit: um, datatype: float64}
# - {name: wl_min_um, unit: um, datatype: float64}
# - {name: wl_max_um, unit: um, datatype: float64}
# - {name: scatter_ppm, datatype: float64}
# - {name: photon_noise_ppm, datatype: float64}
# - {name: systematic_excess, datatype: float64}
# - {name: allan_ratio, datatype: float64}
# - {name: grade, datatype: string}
# - {name: depth_ppm, datatype: float64}
# meta: !!omap
# - __serialized_columns__:
#     wl_center_um:
#       __class__: astropy.units.quantity.Quantity
#       unit: &id001 !astropy.units.Unit {unit: um}
#       value: !astropy.table.SerializedColumn {name: wl_center_um}
#     wl_max_um:
#       __class__: astropy.units.quantity.Quantity
#       unit: *id001
#       value: !astropy.table.SerializedColumn {name: wl_max_um}
#     wl_min_um:
#       __class__: astropy.units.quantity.Quantity
#       unit: *id001
#       value: !astropy.table.SerializedColumn {name: wl_min_um}
# schema: astropy-2.0
obs_id wl_center_um wl_min_um wl_max_um scatter_ppm photon_noise_ppm systematic_excess allan_ratio grade depth_ppm
[from data line 79]
jw01366-o004_t001_nirspec_clear-prism-s1600a1-sub512 3.0432551807482096 2.9282339456591546 3.1590573787394236 2430.976633294833 1496.003071668791 1.6249810440449692 1.2505929924762693 A 689.7218714642106
jw01366-o004_t001_nirspec_clear-prism-s1600a1-sub512 3.2824569034557696 3.1590573787394236 3.4080758939913016 2853.713199699876 1597.3697387634534 1.786507613390107 1.2596340469936833 A 453.0006332658099
jw01366-o004_t001_nirspec_clear-prism-s1600a1-sub512 3.5394154387377896 3.4080758939913016 3.6767237522730283 3497.885845092933 1682.4155826213405 2.0790855013616443 1.1678158035573691 B 469.40417329777165
jw01366-o004_t001_nirspec_clear-prism-s1600a1-sub512 3.8207671679687776 3.6767237522730283 3.9665482726961696 4653.595966400536 1860.4046959591453 2.5013890668564134 1.1838041643291755 B 266.55360509952874
jw01366-o004_t001_nirspec_clear-prism-s1600a1-sub512 4.125860119499593 3.9665482726961696 4.279218744650638 6129.056250008046 2045.6769106652318 2.9961017881435366 1.0705242823131274 B 147.0131546431608
jw01366-o004_t001_nirspec_clear-prism-s1600a1-sub512 4.453446403033891 4.279218744650638 4.616536042336482 8086.34642878548 2353.8215166562713 3.435411891498284 1.1124568371938603 B 61.099452292601164
jw01366-o004_t001_nirspec_clear-prism-s1600a1-sub512 4.802196700408425 4.616536042336482 4.98044299717886 10435.120352482341 2652.8806530746347 3.933505391728893 1.0798674958516385 B 363.51969742542957
jw01366-o004_t001_nirspec_clear-prism-s1600a1-sub512 5.1782465218918174 4.98044299717886 5.373035587867726 13845.9848338147 3367.129453630024 4.112103506708857 1.1073007733599083 B 1051.8306787760112
jw01366-o004_t001_nirspec_clear-prism-s1600a1-sub512 0.6167310900399727 0.5951400294648217 0.6420530382318312 2175.3741783296878 4094.767119098966 0.5312571179404137 1.1533974832443818 A -154.9536997889067
jw01366-o004_t001_nirspec_clear-prism-s1600a1-sub512 0.6652399281988228 0.6420530382318312 0.6926640513047394 1635.937038386569 1737.2474353150549 0.9416833809225841 1.0880953088512588 A -26.80896506523922
jw01366-o004_t001_nirspec_clear-prism-s1600a1-sub512 0.7185658247745963 0.6926640513047394 0.7472645706827966 1473.1325577599257 1486.9063046330034 0.990736641017554 1.1578645190055914 A 37.48195819663902
jw01366-o004_t001_nirspec_clear-prism-s1600a1-sub512 0.7758828867178702 0.7472645706827966 0.8061690765471426 1614.085311887695 1507.414631508028 1.0707639942919709 1.1128224581203094 A 144.71834201856825
jw01366-o004_t001_nirspec_clear-prism-s1600a1-sub512 0.835447175465132 0.8061690765471426 0.8697168385583074 1744.180162624193 1640.8017723905518 1.0630048016604863 1.1033311238465153 A 51.24425311231473
jw01366-o004_t001_nirspec_clear-prism-s1600a1-sub512 0.9004830849218123 0.8697168385583074 0.938273869932574 1713.448324610156 2157.4678434219377 0.7941941428394469 1.0876672978464996 A -15.966467884265256
jw01366-o004_t001_nirspec_clear-prism-s1600a1-sub512 0.976474913499498 0.938273869932574 1.0122350355520084 2046.0474473608185 2087.7454998210123 0.9800272339402628 1.0275360322128324 A -156.91619324265105
jw01366-o004_t001_nirspec_clear-prism-s1600a1-sub512 1.0563040076257824 1.0122350355520084 1.0920263262501457 3687.727558467401 2028.9872055365156 1.8175213468102043 30.958653127198467 B -52.677176659354785
jw01366-o004_t001_nirspec_clear-prism-s1600a1-sub512 1.1374422567620912 1.0920263262501457 1.1781073123724317 3263.6877644756746 1673.546327582668 1.9501627834766102 73.59119546976817 B 250.4307272522821
jw01366-o004_t001_nirspec_clear-prism-s1600a1-sub512 1.2257316157696885 1.1781073123724317 1.270973790743087 2139.569027291953 1715.9094302208819 1.2469009084101457 121.16918005123242 B 76.08698324113038
jw01366-o004_t001_nirspec_clear-prism-s1600a1-sub512 1.3196816260039879 1.270973790743087 1.3711606402840053 1903.6149958280473 1829.623109891099 1.0404410534262176 1.122389679220643 A 104.96167263107648
jw01366-o004_t001_nirspec_clear-prism-s1600a1-sub512 1.4273975472983815 1.3711606402840053 1.4792449027330734 1937.3551579256273 1705.0489526623198 1.1362460619682366 1.0229034397291723 A 121.61331699966915
jw01366-o004_t001_nirspec_clear-prism-s1600a1-sub512 1.537205497283787 1.4792449027330734 1.5958491062057836 1629.6279518217038 1708.9805478382937 0.9535672912620546 1.1087276939638595 A 44.84954434658128
jw01366-o004_t001_nirspec_clear-prism-s1600a1-sub512 1.657043581834094 1.5958491062057836 1.7216448507427111 1373.406261755025 1709.6717224547951 0.8033157732661388 1.0 A 59.9217344946501
jw01366-o004_t001_nirspec_clear-prism-s1600a1-sub512 1.7946708814086765 1.7216448507427111 1.8573566764943743 1383.6941951538406 2071.096564804763 0.6680973831291531 1.0997744532470894 A 92.50914637692898
jw01366-o004_t001_nirspec_clear-prism-s1600a1-sub512 1.93773488978611 1.8573566764943743 2.00376623682289 1224.8865219812585 1775.979641949701 0.6896962628673811 1.1029921405553067 A 83.22923440706731
jw01366-o004_t001_nirspec_clear-prism-s1600a1-sub512 2.0844112249935884 2.00376623682289 2.1617168003560496 1386.3855751820215 1263.226527136714 1.0974956157107192 1.0410249810445014 A -29.634219617991064
jw01366-o004_t001_nirspec_clear-prism-s1600a1-sub512 2.2416185953751344 2.1617168003560496 2.3321181079241025 1477.7321475490896 1211.9219088131456 1.2193295102621389 1.1337201410319853 A -137.78013188980864
jw01366-o004_t001_nirspec_clear-prism-s1600a1-sub512 2.4231851705250125 2.3321181079241025 2.5159516123535197 1577.350890287004 1263.865257662642 1.2480372260600894 1.0601646334110724 A -125.60355139812351
jw01366-o004_t001_nirspec_clear-prism-s1600a1-sub512 2.617037365211791 2.5159516123535197 2.7142761312971566 1736.0764071505812 1525.1860112899753 1.1382719185066736 1.025495833705142 A -93.45466636645483
jw01366-o004_t001_nirspec_clear-prism-s1600a1-sub512 2.8200884289719546 2.7142761312971566 2.9282339456591546 2021.675878146252 1484.5026947758383 1.3618539631223288 1.0893776341271209 A -165.75868796220306
jw01366-o004_t001_nirspec_clear-prism-s1600a1-sub512 3.0432551807482096 2.9282339456591546 3.1590573787394236 2396.620614784882 1498.1829557315805 1.5996848753459378 1.0689036875121887 A -29.875795952705175
jw01366-o004_t001_nirspec_clear-prism-s1600a1-sub512 3.2824569034557696 3.1590573787394236 3.4080758939913016 2928.028173865304 1599.333782680885 1.8307799194719652 1.0 A -160.32014619971056
jw01366-o004_t001_nirspec_clear-prism-s1600a1-sub512 3.5394154387377896 3.4080758939913016 3.6767237522730283 3484.2172899128072 1683.6274217528612 2.069470504516559 1.0574741781404222 B -253.4054439846667
jw01366-o004_t001_nirspec_clear-prism-s1600a1-sub512 3.8207671679687776 3.6767237522730283 3.9665482726961696 4604.34798362056 1861.4163224097022 2.4735723696996423 1.097413017270462 B -377.581260444515
jw01366-o004_t001_nirspec_clear-prism-s1600a1-sub512 4.125860119499593 3.9665482726961696 4.279218744650638 5832.578705403324 2046.712897810967 2.8497297845933725 1.0221003403155073 B -333.806073002485
jw01366-o004_t001_nirspec_clear-prism-s1600a1-sub512 4.453446403033891 4.279218744650638 4.616536042336482 7883.86338513702 2354.876359303597 3.3478884587675335 1.0607080316781523 B 277.2806832302965
jw01366-o004_t001_nirspec_clear-prism-s1600a1-sub512 4.802196700408425 4.616536042336482 4.98044299717886 10565.716982445372 2654.3827255611864 3.980479860985978 1.021394570498311 B -347.7756362448847
jw01366-o004_t001_nirspec_clear-prism-s1600a1-sub512 5.1782465218918174 4.98044299717886 5.373035587867726 13753.307230583163 3369.708339569627 4.081453302376819 1.107345446708613 B -509.241185336462
jw01366-o004_t001_nirspec_clear-prism-s1600a1-sub512 0.6167310900399727 0.5951400294648217 0.6420530382318312 4752.307831629447 4105.124442690936 1.1576525627842544 2.5240291518071767 B 1636.8709378120627
jw01366-o004_t001_nirspec_clear-prism-s1600a1-sub512 0.6652399281988228 0.6420530382318312 0.6926640513047394 3879.65720410882 1748.7192533206946 2.2185706463411003 2.6962183566841564 B 1473.4980639991013
jw01366-o004_t001_nirspec_clear-prism-s1600a1-sub512 0.7185658247745963 0.6926640513047394 0.7472645706827966 3640.038583273624 1487.4294775365033 2.447200783799374 2.7622565575263507 B 1340.932653662863
jw01366-o004_t001_nirspec_clear-prism-s1600a1-sub512 0.7758828867178702 0.7472645706827966 0.8061690765471426 3721.693198113326 1523.3270809092917 2.443134665400817 2.579540025524466 B 1287.8878309101615
jw01366-o004_t001_nirspec_clear-prism-s1600a1-sub512 0.835447175465132 0.8061690765471426 0.8697168385583074 3697.849818148543 1657.4829363430024 2.231003250209813 2.295972191500416 B 1532.0112610134329
jw01366-o004_t001_nirspec_clear-prism-s1600a1-sub512 0.9004830849218123 0.8697168385583074 0.938273869932574 3591.867597177192 2101.510182859598 1.7091840079925817 2.325799616451109 B 1279.4516085423702
jw01366-o004_t001_nirspec_clear-prism-s1600a1-sub512 0.976474913499498 0.938273869932574 1.0122350355520084 4263.197035902099 2107.6663845389057 2.022709602988121 1.9496043544641297 B 1775.4892698933488
jw01366-o004_t001_nirspec_clear-prism-s1600a1-sub512 1.0563040076257824 1.0122350355520084 1.0920263262501457 3921.838769723719 2080.2612328978207 1.885262633222543 1.5634156161023787 B 1289.5576019567034
jw01366-o004_t001_nirspec_clear-prism-s1600a1-sub512 1.1374422567620912 1.0920263262501457 1.1781073123724317 3601.115274192091 1775.4191958283964 2.028318316402927 1.6272266620751508 B 998.5318700069801
jw01366-o004_t001_nirspec_clear-prism-s1600a1-sub512 1.2257316157696885 1.1781073123724317 1.270973790743087 3602.820426282391 1785.644175074266 2.0176586559483765 1.5655505321274044 B 1276.8787821589856
jw01366-o004_t001_nirspec_clear-prism-s1600a1-sub512 1.3196816260039879 1.270973790743087 1.3711606402840053 3615.6355903308704 1850.2494454492194 1.9541341299810715 1.8163297677069352 B 1263.6940504386907
jw01366-o004_t001_nirspec_clear-prism-s1600a1-sub512 1.4273975472983815 1.3711606402840053 1.4792449027330734 3394.0611298954323 1728.2126145525053 1.9639141048477267 1.7000854283684206 B 1170.4755622354846
jw01366-o004_t001_nirspec_clear-prism-s1600a1-sub512 1.537205497283787 1.4792449027330734 1.5958491062057836 3069.4912908988936 1728.353506288174 1.7759626602609544 2.023667527552874 B 1232.4822335580966
jw01366-o004_t001_nirspec_clear-prism-s1600a1-sub512 1.657043581834094 1.5958491062057836 1.7216448507427111 2702.3898442847503 1724.073864731301 1.5674443534969549 1.7649727140286644 B 1021.2643266680477
jw01366-o004_t001_nirspec_clear-prism-s1600a1-sub512 1.7946708814086765 1.7216448507427111 1.8573566764943743 2601.2070586743966 2081.4943294373993 1.2496825102461215 1.747363821725638 B 822.8643997424401
jw01366-o004_t001_nirspec_clear-prism-s1600a1-sub512 1.93773488978611 1.8573566764943743 2.00376623682289 2360.7992588430907 1784.6634574368345 1.3228260202255238 1.700683833405185 B 736.1636539200412
jw01366-o004_t001_nirspec_clear-prism-s1600a1-sub512 2.0844112249935884 2.00376623682289 2.1617168003560496 2576.267445026093 1277.278804658532 2.016996943525445 1.7182142753496101 B 834.1582449994389
jw01366-o004_t001_nirspec_clear-prism-s1600a1-sub512 2.2416185953751344 2.1617168003560496 2.3321181079241025 2651.5858149271007 1226.046343758019 2.1627125503262676 1.6134865375984087 B 971.6938028294653
jw01366-o004_t001_nirspec_clear-prism-s1600a1-sub512 2.4231851705250125 2.3321181079241025 2.5159516123535197 2868.398996202668 1278.2469886773015 2.244009977422921 1.525244875837428 B 663.8702544219389
jw01366-o004_t001_nirspec_clear-prism-s1600a1-sub512 2.617037365211791 2.5159516123535197 2.7142761312971566 3049.261326866565 1539.7498017888306 1.9803615647971076 1.577367178124673 B 820.5434905039776
jw01366-o004_t001_nirspec_clear-prism-s1600a1-sub512 2.8200884289719546 2.7142761312971566 2.9282339456591546 3575.2748517172695 1501.1792494044275 2.381644199475653 1.2486525902514554 B 1010.745460972573
jw01366-o004_t001_nirspec_clear-prism-s1600a1-sub512 3.0432551807482096 2.9282339456591546 3.1590573787394236 4171.420733298427 1515.723828086526 2.7520981434754472 1.3093184060733523 B 1092.157398503324
jw01366-o004_t001_nirspec_clear-prism-s1600a1-sub512 3.2824569034557696 3.1590573787394236 3.4080758939913016 4765.040406327985 1618.1550530526733 2.9447365982256555 1.4006893965829272 B 1185.63467550159
jw01366-o004_t001_nirspec_clear-prism-s1600a1-sub512 3.5394154387377896 3.4080758939913016 3.6767237522730283 5634.8807664687 1703.552311026514 3.3077239424912497 1.3985744941919307 B 1402.521280742808
jw01366-o004_t001_nirspec_clear-prism-s1600a1-sub512 3.8207671679687776 3.6767237522730283 3.9665482726961696 7168.533638709884 1882.7840595779223 3.807411477828693 1.1430497391406795 B 2388.7023105557682
jw01366-o004_t001_nirspec_clear-prism-s1600a1-sub512 4.125860119499593 3.9665482726961696 4.279218744650638 8270.856987205663 2070.614795038833 3.994396740051569 1.3741205329249668 B 1571.5882873523767
jw01366-o004_t001_nirspec_clear-prism-s1600a1-sub512 4.453446403033891 4.279218744650638 4.616536042336482 10696.8301426451 2382.612928269197 4.489537522326636 1.3342063859715567 B 2467.4426937866256
jw01366-o004_t001_nirspec_clear-prism-s1600a1-sub512 4.802196700408425 4.616536042336482 4.98044299717886 13009.034199519878 2684.9465150219144 4.845174429634289 1.510202679129076 B 3072.4712025124168
jw01366-o004_t001_nirspec_clear-prism-s1600a1-sub512 5.1782465218918174 4.98044299717886 5.373035587867726 16231.83217841818 3408.5721660383883 4.762062056407514 1.4110579179781535 B 3577.6403078765507
jw01366-o003_t001_nirspec_f290lp-g395h-s1600a1-sub2048 3.8394637048736517 3.8199903736348686 3.859041030331723 649.553696493073 964.0052102887814 0.6738072466418412 1.0718408086486562 A 147.91687442783365
jw01366-o003_t001_nirspec_f290lp-g395h-s1600a1-sub2048 3.8787309189061245 3.859041030331723 3.8984908905969897 996.5012443503092 590.1942701058939 1.6884292085240253 1.0 A 82.16090478685433
jw01366-o003_t001_nirspec_f290lp-g395h-s1600a1-sub2048 3.918310724155638 3.8984908905969897 3.9383440353732833 633.2977487887309 616.5929122105983 1.0270921644529496 1.736376816198185 B 440.81724243849595
jw01366-o003_t001_nirspec_f290lp-g395h-s1600a1-sub2048 3.9585370435224645 3.9383440353732833 3.978604587321515 697.2761098788608 587.608182247061 1.1866344461243221 1.4988759722018694 A 255.29330014018026
jw01366-o003_t001_nirspec_f290lp-g395h-s1600a1-sub2048 3.999072916038986 3.978604587321515 4.019276711247363 685.1177513563894 681.035818641117 1.0059937122300222 1.325623313054491 A -152.83553421219233
jw01366-o003_t001_nirspec_f290lp-g395h-s1600a1-sub2048 4.03991737539689 4.019276711247363 4.060364614532112 764.6373373782993 1060.558503837592 0.7209761032620897 1.3738186887056982 A 95.36283027844483
jw01366-o003_t001_nirspec_f290lp-g395h-s1600a1-sub2048 4.0810692588075215 4.060364614532112 4.101872547567889 870.7626383318931 624.8127939720548 1.3936376571233249 1.0 A -173.94402157933087
jw01366-o003_t001_nirspec_f290lp-g395h-s1600a1-sub2048 4.122861588227419 4.101872547567889 4.14380480419735 839.7525274378745 626.722161222628 1.3399119727945485 1.0 A -120.37392924058032
jw01366-o003_t001_nirspec_f290lp-g395h-s1600a1-sub2048 4.164957876652935 4.14380480419735 4.1861657221578605 859.027393283921 867.7935940716413 0.9898982882017028 1.2099169980206494 A -54.11434749635902
jw01366-o003_t001_nirspec_f290lp-g395h-s1600a1-sub2048 4.207357451021339 4.1861657221578605 4.228959683530223 1110.921521065055 648.1218557878968 1.714062735493699 1.7480365279749257 B -61.51279423183276
jw01366-o003_t001_nirspec_f290lp-g395h-s1600a1-sub2048 4.2503927192344175 4.228959683530223 4.272191115191983 876.8262001086078 663.3992666329245 1.3217171682430842 1.0 A 192.97219974334644
jw01366-o003_t001_nirspec_f290lp-g395h-s1600a1-sub2048 4.294061577405182 4.272191115191983 4.315864489275377 1093.0866544426417 715.4828685927891 1.5277607646882208 2.224402405644278 B -228.77669438381432
