results/chime/wasp39_fit/chime_wasp_39.ecsv
# %ECSV 1.0
# ---
# datatype:
# - {name: obs_id, datatype: string}
# - {name: wl_center_um, unit: um, datatype: float64}
# - {name: wl_min_um, unit: um, datatype: float64}
# - {name: wl_max_um, unit: um, datatype: float64}
# - {name: scatter_ppm, datatype: float64}
# - {name: photon_noise_ppm, datatype: float64}
# - {name: systematic_excess, datatype: float64}
# - {name: allan_ratio, datatype: float64}
# - {name: grade, datatype: string}
# - {name: depth_ppm, datatype: float64}
# meta: !!omap
# - __serialized_columns__:
#     wl_center_um:
#       __class__: astropy.units.quantity.Quantity
#       unit: &id001 !astropy.units.Unit {unit: um}
#       value: !astropy.table.SerializedColumn {name: wl_center_um}
#     wl_max_um:
#       __class__: astropy.units.quantity.Quantity
#       unit: *id001
#       value: !astropy.table.SerializedColumn {name: wl_max_um}
#     wl_min_um:
#       __class__: astropy.units.quantity.Quantity
#       unit: *id001
#       value: !astropy.table.SerializedColumn {name: wl_min_um}
# schema: astropy-2.0
obs_id wl_center_um wl_min_um wl_max_um scatter_ppm photon_noise_ppm systematic_excess allan_ratio grade depth_ppm
[from data line 237]
jw01366-o003_t001_nirspec_f290lp-g395h-s1600a1-sub2048 2.925166268517357 2.9124218505839217 2.9381243315813252 1070.9236532304308 628.1026889177508 1.705013642077668 1.3787327717395814 A -188.7089831054123
jw01366-o003_t001_nirspec_f290lp-g395h-s1600a1-sub2048 2.9509551284705653 2.9381243315813252 2.9640536401343907 1054.954762503882 613.6187086675054 1.7192350031092651 1.3447324205993207 A -199.98392411646472
jw01366-o003_t001_nirspec_f290lp-g395h-s1600a1-sub2048 2.977078016974477 2.9640536401343907 2.9902117780241904 877.1256576816558 643.4564282074292 1.3631469346342429 1.7576507119436502 B -122.89899698969542
jw01366-o003_t001_nirspec_f290lp-g395h-s1600a1-sub2048 3.003534134787631 2.9902117780241904 3.016600764697763 879.6119064947964 650.9490442786351 1.3512761317125206 1.2139078519712263 A -193.9822907122135
jw01366-o003_t001_nirspec_f290lp-g395h-s1600a1-sub2048 3.0567662307832877 3.0432226374240137 3.0700794514509986 1010.8893232140199 951.569046409355 1.0623394350924964 1.0 A -144.72414934285638
jw01366-o003_t001_nirspec_f290lp-g395h-s1600a1-sub2048 3.0838806169209043 3.0700794514509986 3.0971732801645895 1254.0872002110407 694.8726677964936 1.8047726703481788 1.404952400003563 A -304.09429290534365
jw01366-o003_t001_nirspec_f290lp-g395h-s1600a1-sub2048 3.1109878441023833 3.0971732801645895 3.1245062152485428 979.9128683002374 661.4206921252302 1.4815273848655244 1.0770873400238063 A -534.1130933129712
jw01366-o003_t001_nirspec_f290lp-g395h-s1600a1-sub2048 3.1384264508818114 3.1245062152485428 3.152080366845982 1165.3338492973935 605.8010968227012 1.9236245285941598 1.2468529502116166 A -272.37542348879094
jw01366-o003_t001_nirspec_f290lp-g395h-s1600a1-sub2048 3.166196021408782 3.152080366845982 3.179897863722304 1031.3712902543484 596.2433673234443 1.729782412312958 1.790208190217137 B -344.8182407110867
jw01366-o003_t001_nirspec_f290lp-g395h-s1600a1-sub2048 3.1939575941761382 3.179897863722304 3.20796085342952 1088.93945738702 580.2603226183597 1.8766395270200495 1.1733010632017116 A -348.9438412445089
jw01366-o003_t001_nirspec_f290lp-g395h-s1600a1-sub2048 3.2220494243449957 3.20796085342952 3.2362715024720528 1142.3342484118946 658.5281412049656 1.7346779536583925 1.0 A -307.13673516813424
jw01366-o003_t001_nirspec_f290lp-g395h-s1600a1-sub2048 3.2504710139840127 3.2362715024720528 3.264831996473996 953.5776413926794 618.5698553140228 1.541584403443952 1.0427818266017066 A -365.72819768521117
jw01366-o003_t001_nirspec_f290lp-g395h-s1600a1-sub2048 3.279221857542346 3.264831996473996 3.2936445403478385 1066.05475433799 597.9547665755856 1.7828351138383869 1.915375582314328 B -183.79292055903386
jw01366-o003_t001_nirspec_f290lp-g395h-s1600a1-sub2048 3.3083015001278353 3.2936445403478385 3.3227113584646997 1018.0400081287162 601.9862597863263 1.6911349579474908 1.3724963038494986 A -394.526105394144
jw01366-o003_t001_nirspec_f290lp-g395h-s1600a1-sub2048 3.3373714582930107 3.3227113584646997 3.352034694826042 825.1890702668318 577.684180791275 1.4284432527415591 1.8107149354826968 B -16.226491449389258
jw01366-o003_t001_nirspec_f290lp-g395h-s1600a1-sub2048 3.3667693888106243 3.352034694826042 3.3816168132369215 1030.7633056750003 612.0175909674849 1.684205357636138 1.1334583013253299 A -301.0849753133371
jw01366-o003_t001_nirspec_f290lp-g395h-s1600a1-sub2048 3.3964947998438935 3.3816168132369215 3.411459997480748 1066.7037985544816 608.8042928593866 1.7521292327694782 1.5256152042780882 B -213.40517707879593
jw01366-o003_t001_nirspec_f290lp-g395h-s1600a1-sub2048 3.426546894985933 3.411459997480748 3.4415665514956046 929.9833033104101 611.4407228204327 1.520970502292708 2.560881781963539 B -329.7994707587293
jw01366-o003_t001_nirspec_f290lp-g395h-s1600a1-sub2048 3.4569247343337617 3.4415665514956046 3.4719387995521083 997.5442152068234 598.466562461916 1.6668336675372788 2.279256703523386 B -46.29793347810107
jw01366-o003_t001_nirspec_f290lp-g395h-s1600a1-sub2048 3.487291050073062 3.4719387995521083 3.5025790864328523 880.25026984754 589.0415422422268 1.494377232710629 1.057490320749535 A -71.22005859416802
jw01366-o003_t001_nirspec_f290lp-g395h-s1600a1-sub2048 3.517982852576466 3.5025790864328523 3.533489777613422 1037.1127645664087 618.3721064557725 1.6771661492150205 1.455322554594582 A -349.72600327298767
jw01366-o003_t001_nirspec_f290lp-g395h-s1600a1-sub2048 3.5489996153613315 3.533489777613422 3.5646732594450197 996.7832936319037 587.2444162419465 1.6973908411267482 1.8956274180291497 B -187.31265478200143
jw01366-o003_t001_nirspec_f290lp-g395h-s1600a1-sub2048 3.58034073164353 3.5646732594450197 3.5961319393386857 1141.98125398018 588.7942197128787 1.9395252462516683 1.1520195451145012 A -94.42200393317002
jw01366-o003_t001_nirspec_f290lp-g395h-s1600a1-sub2048 3.6120056273449994 3.5961319393386857 3.6278682459511633 915.8989588650599 633.9362060833187 1.4447809575726973 1.9063750632735545 B -219.2590130096761
jw01366-o003_t001_nirspec_f290lp-g395h-s1600a1-sub2048 3.643993648398931 3.6278682459511633 3.6598846293723866 925.2338734977905 597.6053894876626 1.5482354907993874 4.015799354203665 B -130.51174880285288
jw01366-o003_t001_nirspec_f290lp-g395h-s1600a1-sub2048 3.676304861470659 3.6598846293723866 3.692183561314637 1092.3443346386814 613.1458695362256 1.7815407212396528 1.2277172512393897 A -664.7087640798688
jw01366-o003_t001_nirspec_f290lp-g395h-s1600a1-sub2048 3.7069202969576396 3.692183561314637 3.7247675353033607 912.801919648147 688.8067325487733 1.3251930861223296 2.0023835937506185 B -280.29179033950413
jw01366-o003_t001_nirspec_f290lp-g395h-s1600a1-sub2048 2.8742513643152665 2.861689451535732 2.8869442128725287 1313.383451064721 8129.6036548744405 0.1615556559485194 1.3805395908284575 A 111.77892728719829
jw01366-o003_t001_nirspec_f290lp-g395h-s1600a1-sub2048 2.89971142843037 2.8869442128725287 2.9124218505839217 814.6905805672512 695.313077208034 1.1716888510691714 1.0 A -71.00281349115001
jw01366-o003_t001_nirspec_f290lp-g395h-s1600a1-sub2048 2.925166268517357 2.9124218505839217 2.9381243315813252 782.8222031541842 628.2295810862637 1.2460766361886628 1.0 A -107.3214419122781
jw01366-o003_t001_nirspec_f290lp-g395h-s1600a1-sub2048 2.9509551284705653 2.9381243315813252 2.9640536401343907 821.474758793261 614.2356805876244 1.337393422028782 1.0424473625949233 A 146.8553904965253
jw01366-o003_t001_nirspec_f290lp-g395h-s1600a1-sub2048 2.977078016974477 2.9640536401343907 2.9902117780241904 524.5647040772499 645.090383264158 0.8131646629468445 1.2655695458660259 A 4.667088603804714
jw01366-o003_t001_nirspec_f290lp-g395h-s1600a1-sub2048 3.003534134787631 2.9902117780241904 3.016600764697763 725.2231242300913 653.5488366328177 1.109669367581695 1.732227754859927 B -10.33873504829863
jw01366-o003_t001_nirspec_f290lp-g395h-s1600a1-sub2048 3.0567662307832877 3.0432226374240137 3.0700794514509986 626.7995942064373 961.2707626420323 0.6520531140296953 1.0061416498899114 A -9.242607150516946
jw01366-o003_t001_nirspec_f290lp-g395h-s1600a1-sub2048 3.0838806169209043 3.0700794514509986 3.0971732801645895 697.1351722865603 698.6722088694129 0.9978000605100067 1.0 A -42.76213396181561
jw01366-o003_t001_nirspec_f290lp-g395h-s1600a1-sub2048 3.1109878441023833 3.0971732801645895 3.1245062152485428 701.4873218114496 665.217674819649 1.0545229755081809 2.376481335695734 B -83.19325543126865
jw01366-o003_t001_nirspec_f290lp-g395h-s1600a1-sub2048 3.1384264508818114 3.1245062152485428 3.152080366845982 805.9892426913107 607.4019708650344 1.3269453860076503 1.058920484873969 A 9.055350450926092
jw01366-o003_t001_nirspec_f290lp-g395h-s1600a1-sub2048 3.166196021408782 3.152080366845982 3.179897863722304 661.9868503643503 597.3738224385022 1.1081618000301643 1.490672351395417 A -3.0657004332912408
jw01366-o003_t001_nirspec_f290lp-g395h-s1600a1-sub2048 3.1939575941761382 3.179897863722304 3.20796085342952 854.8015357630006 581.0803444769208 1.4710556705071125 1.17076217837268 A 85.80897893994965
jw01366-o003_t001_nirspec_f290lp-g395h-s1600a1-sub2048 3.2220494243449957 3.20796085342952 3.2362715024720528 654.9724885945498 661.6488947143949 0.9899094426467272 1.5346989958887844 B 93.21577011311976
jw01366-o003_t001_nirspec_f290lp-g395h-s1600a1-sub2048 3.2504710139840127 3.2362715024720528 3.264831996473996 551.2912312331435 619.9545911144147 0.8892445336071411 1.264870465097163 A -39.31306523852207
jw01366-o003_t001_nirspec_f290lp-g395h-s1600a1-sub2048 3.279221857542346 3.264831996473996 3.2936445403478385 811.5704321834503 599.1694409563895 1.3544923634423478 1.0 A -96.73142077315511
jw01366-o003_t001_nirspec_f290lp-g395h-s1600a1-sub2048 3.3083015001278353 3.2936445403478385 3.3227113584646997 693.3280568351347 603.5822368733935 1.1486886367409221 1.0583186122930772 A 11.426906101785761
jw01366-o003_t001_nirspec_f290lp-g395h-s1600a1-sub2048 3.3373714582930107 3.3227113584646997 3.352034694826042 692.6929218870287 578.1788118809927 1.1980600251217897 1.0094652991676 A -24.530417655377335
jw01366-o003_t001_nirspec_f290lp-g395h-s1600a1-sub2048 3.3667693888106243 3.352034694826042 3.3816168132369215 598.9584940374657 613.4821563560531 0.9763258602257403 1.6624679296098055 B -17.308495397827528
jw01366-o003_t001_nirspec_f290lp-g395h-s1600a1-sub2048 3.3964947998438935 3.3816168132369215 3.411459997480748 765.7878200531902 609.9096167849775 1.2555759066235013 1.040627948050478 A -36.61541531330137
jw01366-o003_t001_nirspec_f290lp-g395h-s1600a1-sub2048 3.426546894985933 3.411459997480748 3.4415665514956046 947.1026282441013 612.9388777038075 1.5451828276779218 1.2602016018376119 A 23.082264244189687
jw01366-o003_t001_nirspec_f290lp-g395h-s1600a1-sub2048 3.4569247343337617 3.4415665514956046 3.4719387995521083 579.8797706162253 599.5986746562637 0.9671131627311504 1.211552885970198 A 55.46195241012963
jw01366-o003_t001_nirspec_f290lp-g395h-s1600a1-sub2048 3.487291050073062 3.4719387995521083 3.5025790864328523 677.7737927722254 589.8933705021373 1.1489767925265566 1.0 A -230.89605647519386
jw01366-o003_t001_nirspec_f290lp-g395h-s1600a1-sub2048 3.517982852576466 3.5025790864328523 3.533489777613422 507.29369678351287 619.7902016878935 0.8184926050815008 1.551186378512519 B -1.235036103830467
jw01366-o003_t001_nirspec_f290lp-g395h-s1600a1-sub2048 3.5489996153613315 3.533489777613422 3.5646732594450197 660.4651076937745 587.1928227281227 1.1247840268639961 1.3294841521681346 A 11.58035819315284
jw01366-o003_t001_nirspec_f290lp-g395h-s1600a1-sub2048 3.58034073164353 3.5646732594450197 3.5961319393386857 600.3678066063305 589.144819784783 1.0190496231905213 1.419164705693579 A -195.99424837135615
jw01366-o003_t001_nirspec_f290lp-g395h-s1600a1-sub2048 3.6120056273449994 3.5961319393386857 3.6278682459511633 753.6098373952966 635.1321817020113 1.1865401551151005 1.0 A 53.364686161128105
jw01366-o003_t001_nirspec_f290lp-g395h-s1600a1-sub2048 3.643993648398931 3.6278682459511633 3.6598846293723866 698.3255358822945 597.8358079632515 1.168089175289447 1.6582217621547837 B -6.9340565667097565
jw01366-o003_t001_nirspec_f290lp-g395h-s1600a1-sub2048 3.676304861470659 3.6598846293723866 3.692183561314637 856.5334121187161 613.5695554694565 1.3959842115428336 1.0677712521239329 A 28.089485119786595
jw01366-o003_t001_nirspec_f290lp-g395h-s1600a1-sub2048 3.7069202969576396 3.692183561314637 3.7247675353033607 594.4973337891759 689.2596365419834 0.8625158101115131 1.9420601494344572 B -278.3597591913267
jw01366-o003_t001_nirspec_f290lp-g395h-s1600a1-sub2048 2.8742513643152665 2.861689451535732 2.8869442128725287 3358.2088064245218 7984.297561034791 0.42060165978950403 3.184669314735342 B -11061.691525129147
jw01366-o003_t001_nirspec_f290lp-g395h-s1600a1-sub2048 2.89971142843037 2.8869442128725287 2.9124218505839217 2709.3115180687655 704.3888477025963 3.8463293774530034 3.1044056551592454 B -10544.597969798675
jw01366-o003_t001_nirspec_f290lp-g395h-s1600a1-sub2048 2.925166268517357 2.9124218505839217 2.9381243315813252 2205.930992720249 637.568414151966 3.459912605072152 2.925846949718808 B -9930.583229403434
jw01366-o003_t001_nirspec_f290lp-g395h-s1600a1-sub2048 2.9509551284705653 2.9381243315813252 2.9640536401343907 2338.004176199569 622.7629618126732 3.7542441017917176 2.9619607636620757 B -10457.258508625999
jw01366-o003_t001_nirspec_f290lp-g395h-s1600a1-sub2048 2.977078016974477 2.9640536401343907 2.9902117780241904 2826.9658354891553 651.5462755123643 4.338856565891777 3.5083213676841427 B -10714.142821749429
jw01366-o003_t001_nirspec_f290lp-g395h-s1600a1-sub2048 3.003534134787631 2.9902117780241904 3.016600764697763 2191.8561338742566 658.699794126458 3.3275494442517792 3.569482433204548 B -9855.412929120399
jw01366-o003_t001_nirspec_f290lp-g395h-s1600a1-sub2048 3.0567662307832877 3.0432226374240137 3.0700794514509986 2910.2096098168636 957.4583585933375 3.0395155921897596 3.1962319464957485 B -9664.857808938887
jw01366-o003_t001_nirspec_f290lp-g395h-s1600a1-sub2048 3.0838806169209043 3.0700794514509986 3.0971732801645895 2743.2046612129275 701.6644295835422 3.9095678012937007 3.011412782209394 B -9843.232981199046
jw01366-o003_t001_nirspec_f290lp-g395h-s1600a1-sub2048 3.1109878441023833 3.0971732801645895 3.1245062152485428 1999.8522939846828 668.9037718669769 2.9897458769037835 3.888672933584403 B -10120.260016694527
jw01366-o003_t001_nirspec_f290lp-g395h-s1600a1-sub2048 3.1384264508818114 3.1245062152485428 3.152080366845982 2595.8463965263486 613.1969557463644 4.233299549517112 3.1444610102549073 B -10240.512351704645
jw01366-o003_t001_nirspec_f290lp-g395h-s1600a1-sub2048 3.166196021408782 3.152080366845982 3.179897863722304 2428.6229426009186 604.2961412613123 4.018928430573451 3.7698708671361727 B -11411.162606584257
jw01366-o003_t001_nirspec_f290lp-g395h-s1600a1-sub2048 3.1939575941761382 3.179897863722304 3.20796085342952 2427.7284466986803 588.206264725794 4.127342043577897 3.302558047428218 B -10053.661891361366
jw01366-o003_t001_nirspec_f290lp-g395h-s1600a1-sub2048 3.2220494243449957 3.20796085342952 3.2362715024720528 2610.60023320364 665.7755459823622 3.921141665471745 3.3616973132201564 B -10468.619370280985
jw01366-o003_t001_nirspec_f290lp-g395h-s1600a1-sub2048 3.2504710139840127 3.2362715024720528 3.264831996473996 2708.8849114176455 626.1510205871102 4.326248496533092 3.0798722316221303 B -10134.849682594815
jw01366-o003_t001_nirspec_f290lp-g395h-s1600a1-sub2048 3.279221857542346 3.264831996473996 3.2936445403478385 2691.010766019867 605.888922114467 4.4414259244559515 3.5142953607239815 B -10048.1112014148
jw01366-o003_t001_nirspec_f290lp-g395h-s1600a1-sub2048 3.3083015001278353 3.2936445403478385 3.3227113584646997 3010.5896602462426 609.8716859658217 4.936431268289706 3.2682243246115004 B -9932.671893374767
jw01366-o003_t001_nirspec_f290lp-g395h-s1600a1-sub2048 3.3373714582930107 3.3227113584646997 3.352034694826042 2651.0136688711477 585.7939406560828 4.52550544633842 3.387626294833139 B -10101.797283072367
jw01366-o003_t001_nirspec_f290lp-g395h-s1600a1-sub2048 3.3667693888106243 3.352034694826042 3.3816168132369215 2769.6756330095614 619.5370046028106 4.47055722649726 2.8720211995571843 B -8912.565677151819
jw01366-o003_t001_nirspec_f290lp-g395h-s1600a1-sub2048 3.3964947998438935 3.3816168132369215 3.411459997480748 2698.838150760128 616.9657861780548 4.374372471249564 3.0765188979492817 B -9991.654685380658
jw01366-o003_t001_nirspec_f290lp-g395h-s1600a1-sub2048 3.426546894985933 3.411459997480748 3.4415665514956046 2106.983875825816 619.1933358533502 3.4027883599910616 4.089240199852619 B -8888.843382572453
jw01366-o003_t001_nirspec_f290lp-g395h-s1600a1-sub2048 3.4569247343337617 3.4415665514956046 3.4719387995521083 2261.766042496967 606.3564940851203 3.7300928819267503 3.76078664305452 B -9636.046286940258
