results/chime/wasp39_fit/chime_wasp_39.ecsv
# %ECSV 1.0
# ---
# datatype:
# - {name: obs_id, datatype: string}
# - {name: wl_center_um, unit: um, datatype: float64}
# - {name: wl_min_um, unit: um, datatype: float64}
# - {name: wl_max_um, unit: um, datatype: float64}
# - {name: scatter_ppm, datatype: float64}
# - {name: photon_noise_ppm, datatype: float64}
# - {name: systematic_excess, datatype: float64}
# - {name: allan_ratio, datatype: float64}
# - {name: grade, datatype: string}
# - {name: depth_ppm, datatype: float64}
# meta: !!omap
# - __serialized_columns__:
#     wl_center_um:
#       __class__: astropy.units.quantity.Quantity
#       unit: &id001 !astropy.units.Unit {unit: um}
#       value: !astropy.table.SerializedColumn {name: wl_center_um}
#     wl_max_um:
#       __class__: astropy.units.quantity.Quantity
#       unit: *id001
#       value: !astropy.table.SerializedColumn {name: wl_max_um}
#     wl_min_um:
#       __class__: astropy.units.quantity.Quantity
#       unit: *id001
#       value: !astropy.table.SerializedColumn {name: wl_min_um}
# schema: astropy-2.0
obs_id wl_center_um wl_min_um wl_max_um scatter_ppm photon_noise_ppm systematic_excess allan_ratio grade depth_ppm
[from data line 158]
jw01366-o003_t001_nirspec_f290lp-g395h-s1600a1-sub2048 4.382292526328891 4.359984323629951 4.404555182289925 937.4023702396963 859.9393190826823 1.09007967124895 1.6913356818620986 B -96.80839679226949
jw01366-o003_t001_nirspec_f290lp-g395h-s1600a1-sub2048 4.427183224065289 4.404555182289925 4.449581675946319 1406.0332025900288 750.7949042573306 1.872726086201724 1.0 A 415.172043698564
jw01366-o003_t001_nirspec_f290lp-g395h-s1600a1-sub2048 4.472367260391756 4.449581675946319 4.495068462423912 1383.373504500869 762.3744054203889 1.81455921744651 1.0584113568085238 A -375.8999012903885
jw01366-o003_t001_nirspec_f290lp-g395h-s1600a1-sub2048 4.51784282134932 4.495068462423912 4.541020247163083 1301.807851374253 774.9312579530146 1.6799010725325318 1.0361472399167446 A -405.8187468007901
jw01366-o003_t001_nirspec_f290lp-g395h-s1600a1-sub2048 4.563939691394629 4.541020247163083 4.587441783706563 1318.09730819424 802.4065317752317 1.6426801826726187 1.0 A 134.4894656916118
jw01366-o003_t001_nirspec_f290lp-g395h-s1600a1-sub2048 4.610655391575036 4.587441783706563 4.634337874191177 1433.7692433374827 819.4306346424437 1.7497139876435108 1.4695260351883743 A -169.56396473655212
jw01366-o003_t001_nirspec_f290lp-g395h-s1600a1-sub2048 4.657987278471789 4.634337874191177 4.681713369844604 1450.0809364395589 1153.2278062347493 1.2574106595417822 1.0 A -297.08881276957476
jw01366-o003_t001_nirspec_f290lp-g395h-s1600a1-sub2048 4.7056011346343425 4.681713369844604 4.729573171487222 1700.9581121786152 857.8550356870843 1.9828036689395452 1.2928860002220406 A -90.17845775982636
jw01366-o003_t001_nirspec_f290lp-g395h-s1600a1-sub2048 4.753824654845041 4.729573171487222 4.777922230039079 1783.8296569481483 864.4893200197747 2.0634490393789298 1.2298687092517446 B 44.34222821125822
jw01366-o003_t001_nirspec_f290lp-g395h-s1600a1-sub2048 4.802654612057894 4.777922230039079 4.8267655470320445 1578.5578504512896 890.7447077286141 1.7721776360328751 1.2187837588829584 A 99.03385334120162
jw01366-o003_t001_nirspec_f290lp-g395h-s1600a1-sub2048 4.851428470986651 4.8267655470320445 4.876108175127204 1414.8379632918288 910.2416618639412 1.5543542144561961 1.3949887628055848 A -323.4663572453389
jw01366-o003_t001_nirspec_f290lp-g395h-s1600a1-sub2048 4.90080251243409 4.876108175127204 4.925955218637533 2267.405832294847 935.5836420464311 2.423520175422563 1.0530937241619107 B -88.6582487644727
jw01366-o003_t001_nirspec_f290lp-g395h-s1600a1-sub2048 4.9511015261728 4.925955218637533 4.9763118340559265 1425.3804588041141 948.9208743729697 1.5021067586335697 1.1442957897029609 A -121.84822590377564
jw01366-o003_t001_nirspec_f290lp-g395h-s1600a1-sub2048 5.001663715463111 4.9763118340559265 5.02718323058861 1635.837463005432 1010.6257544625657 1.6186382108136 1.1906932302845776 A -766.5769532403388
jw01366-o003_t001_nirspec_f290lp-g395h-s1600a1-sub2048 5.052813283104462 5.02718323058861 5.078574670694021 2025.2462214763534 975.1683332351495 2.0768170504035335 1.0454543048025235 B -599.3457313444584
jw01366-o003_t001_nirspec_f290lp-g395h-s1600a1-sub2048 5.104545907234391 5.078574670694021 5.1304914706271845 2012.834042044711 1087.6841990434461 1.850568431365353 1.0 A -238.5652871221833
jw01366-o003_t001_nirspec_f290lp-g395h-s1600a1-sub2048 5.1542430595915585 5.1304914706271845 5.182939000989666 2328.0696939635473 6731.572346172149 0.34584337421366107 1.5962791189295527 B -20.992418907184174
jw01366-o003_t001_nirspec_f290lp-g395h-s1600a1-sub2048 3.8394637048736517 3.8199903736348686 3.859041030331723 2087.2101584699544 965.1509747660483 2.1625737454970633 3.591952625592515 B -9841.904096214992
jw01366-o003_t001_nirspec_f290lp-g395h-s1600a1-sub2048 3.8787309189061245 3.859041030331723 3.8984908905969897 2196.821763228959 598.3066139927604 3.6717323724179 3.254054305654346 B -7805.067970224622
jw01366-o003_t001_nirspec_f290lp-g395h-s1600a1-sub2048 3.918310724155638 3.8984908905969897 3.9383440353732833 1699.1801874350751 623.6700617154205 2.7244857365149713 3.479082513483802 B -8272.017645309938
jw01366-o003_t001_nirspec_f290lp-g395h-s1600a1-sub2048 3.9585370435224645 3.9383440353732833 3.978604587321515 1781.1727591770634 596.1073114028073 2.98800689927031 3.914858011685731 B -8845.249477239526
jw01366-o003_t001_nirspec_f290lp-g395h-s1600a1-sub2048 3.999072916038986 3.978604587321515 4.019276711247363 1942.2844027911708 687.4635025057436 2.8252909364813057 2.761550881785823 B -8362.616125259237
jw01366-o003_t001_nirspec_f290lp-g395h-s1600a1-sub2048 4.03991737539689 4.019276711247363 4.060364614532112 1849.7232428793018 1059.9284520664216 1.7451397207737065 3.416876626040556 B -8458.690178721363
jw01366-o003_t001_nirspec_f290lp-g395h-s1600a1-sub2048 4.0810692588075215 4.060364614532112 4.101872547567889 1880.8462693239558 633.6936157449506 2.9680688310436754 3.6919275183230917 B -8732.720503280112
jw01366-o003_t001_nirspec_f290lp-g395h-s1600a1-sub2048 4.122861588227419 4.101872547567889 4.14380480419735 1431.9453721330235 635.9529346852798 2.251653061152495 4.425934649143839 B -8073.839165543495
jw01366-o003_t001_nirspec_f290lp-g395h-s1600a1-sub2048 4.164957876652935 4.14380480419735 4.1861657221578605 1941.6002487666133 871.4041201504496 2.2281283779463794 3.229625279255607 B -7763.504145827272
jw01366-o003_t001_nirspec_f290lp-g395h-s1600a1-sub2048 4.207357451021339 4.1861657221578605 4.228959683530223 1899.5140566456369 657.5342050035966 2.888844477125333 3.8655337376537418 B -8285.972310835055
jw01366-o003_t001_nirspec_f290lp-g395h-s1600a1-sub2048 4.2503927192344175 4.228959683530223 4.272191115191983 1801.8640660354256 673.2918147028762 2.676200759741285 3.0796923368250098 B -7665.489786111035
jw01366-o003_t001_nirspec_f290lp-g395h-s1600a1-sub2048 4.294061577405182 4.272191115191983 4.315864489275377 2063.301272048505 725.6794779400964 2.8432680470796328 2.3187759233339658 B -8979.374099040926
jw01366-o003_t001_nirspec_f290lp-g395h-s1600a1-sub2048 4.338028945583763 4.315864489275377 4.359984323629951 2035.2024787470905 715.8492750144592 2.8430600543752482 2.1322675448109343 B -10669.176481826304
jw01366-o003_t001_nirspec_f290lp-g395h-s1600a1-sub2048 4.382292526328891 4.359984323629951 4.404555182289925 1773.4882287605674 867.9578848251222 2.043288343555855 3.4654099660968876 B -9708.10454372284
jw01366-o003_t001_nirspec_f290lp-g395h-s1600a1-sub2048 4.427183224065289 4.404555182289925 4.449581675946319 1800.8525373408888 762.5024525296436 2.36176622300225 3.1958234891130406 B -9954.65983697863
jw01366-o003_t001_nirspec_f290lp-g395h-s1600a1-sub2048 4.472367260391756 4.449581675946319 4.495068462423912 2110.6989782576657 773.8390074011547 2.7275686002779755 2.545492091820076 B -8439.199108639883
jw01366-o003_t001_nirspec_f290lp-g395h-s1600a1-sub2048 4.51784282134932 4.495068462423912 4.541020247163083 2020.1049806877563 786.5911079120368 2.568176731682125 2.5531241525139636 B -8571.81841994703
jw01366-o003_t001_nirspec_f290lp-g395h-s1600a1-sub2048 4.563939691394629 4.541020247163083 4.587441783706563 1625.9993631979437 814.2314098226743 1.9969745008388446 4.044609904349527 B -8462.920375650107
jw01366-o003_t001_nirspec_f290lp-g395h-s1600a1-sub2048 4.610655391575036 4.587441783706563 4.634337874191177 1786.5467182388982 831.3496696344724 2.148971465910856 2.5723892670589943 B -7871.188299488407
jw01366-o003_t001_nirspec_f290lp-g395h-s1600a1-sub2048 4.657987278471789 4.634337874191177 4.681713369844604 2577.5130066294555 1158.8370883276662 2.224223777950618 2.166834995344263 B -7824.055160103205
jw01366-o003_t001_nirspec_f290lp-g395h-s1600a1-sub2048 4.7056011346343425 4.681713369844604 4.729573171487222 2168.5284848097126 870.2551554150511 2.491830667495989 3.516841408002249 B -9075.848644669593
jw01366-o003_t001_nirspec_f290lp-g395h-s1600a1-sub2048 4.753824654845041 4.729573171487222 4.777922230039079 2033.0329905706478 877.1686356418422 2.3177219384765575 1.6450183479287648 B -9779.552701173921
jw01366-o003_t001_nirspec_f290lp-g395h-s1600a1-sub2048 4.802654612057894 4.777922230039079 4.8267655470320445 2309.2779834880157 903.8800471322136 2.5548500498653333 2.467165172975675 B -7757.455147372471
jw01366-o003_t001_nirspec_f290lp-g395h-s1600a1-sub2048 4.851428470986651 4.8267655470320445 4.876108175127204 2290.8600281298036 923.7374592463711 2.4799903968372092 1.9473966369171338 B -8467.286565605247
jw01366-o003_t001_nirspec_f290lp-g395h-s1600a1-sub2048 4.90080251243409 4.876108175127204 4.925955218637533 2237.8056652081978 949.3272468002192 2.3572542268758165 2.387228971011967 B -8687.540757696954
jw01366-o003_t001_nirspec_f290lp-g395h-s1600a1-sub2048 4.9511015261728 4.925955218637533 4.9763118340559265 2187.450433146627 962.694100301319 2.272217553282984 1.5703013765589333 B -8114.588595671046
jw01366-o003_t001_nirspec_f290lp-g395h-s1600a1-sub2048 5.001663715463111 4.9763118340559265 5.02718323058861 2281.7775203646447 1024.2355209663237 2.227785966856414 1.7576655776938213 B -9155.252174601668
jw01366-o003_t001_nirspec_f290lp-g395h-s1600a1-sub2048 5.052813283104462 5.02718323058861 5.078574670694021 2454.323275507041 989.8512676997673 2.4794869245461877 2.059480752387207 B -8718.771324387919
jw01366-o003_t001_nirspec_f290lp-g395h-s1600a1-sub2048 5.104545907234391 5.078574670694021 5.1304914706271845 3003.839540443133 1088.5359841601894 2.759522500085846 3.0480289640695455 B -8460.791814840495
jw01366-o003_t001_nirspec_f290lp-g395h-s1600a1-sub2048 5.1542430595915585 5.1304914706271845 5.182939000989666 3004.2022739655945 6747.0541694450385 0.4452613242043523 2.179835390712357 B -8024.856033766126
jw01366-o003_t001_nirspec_f290lp-g395h-s1600a1-sub2048 3.8394637048736517 3.8199903736348686 3.859041030331723 1160.8417223245335 958.0790269568206 1.2116346247675989 1.2130073531810983 A -432.15329389778566
jw01366-o003_t001_nirspec_f290lp-g395h-s1600a1-sub2048 3.8787309189061245 3.859041030331723 3.8984908905969897 1204.1212873747127 590.3378582384762 2.039715513024559 1.0 B -187.92701005510003
jw01366-o003_t001_nirspec_f290lp-g395h-s1600a1-sub2048 3.918310724155638 3.8984908905969897 3.9383440353732833 1239.5615862116547 616.1434446606506 2.0118068234814377 2.2329834083976787 B -601.236851385023
jw01366-o003_t001_nirspec_f290lp-g395h-s1600a1-sub2048 3.9585370435224645 3.9383440353732833 3.978604587321515 1309.8850032640544 587.7955669971001 2.2284703676074455 1.6700378834721115 B -218.4429881637584
jw01366-o003_t001_nirspec_f290lp-g395h-s1600a1-sub2048 3.999072916038986 3.978604587321515 4.019276711247363 1357.3854639180938 679.5103393823266 1.997593539418332 2.0982955028972197 B -593.2114127746856
jw01366-o003_t001_nirspec_f290lp-g395h-s1600a1-sub2048 4.03991737539689 4.019276711247363 4.060364614532112 1416.6082022479966 1054.371699367072 1.3435567391446215 1.2499254868893404 A -594.3639228058739
jw01366-o003_t001_nirspec_f290lp-g395h-s1600a1-sub2048 4.0810692588075215 4.060364614532112 4.101872547567889 1168.9800119893325 624.8213781814023 1.8709027136551437 1.1459952071267285 A -294.55014683255064
jw01366-o003_t001_nirspec_f290lp-g395h-s1600a1-sub2048 4.122861588227419 4.101872547567889 4.14380480419735 1257.1241339308524 627.0127703481431 2.004941834331134 1.9277494314179344 B -494.69926457468284
jw01366-o003_t001_nirspec_f290lp-g395h-s1600a1-sub2048 4.164957876652935 4.14380480419735 4.1861657221578605 1498.9541387684746 864.4660414556128 1.7339653229691852 1.019725739805315 A -570.7583325866849
jw01366-o003_t001_nirspec_f290lp-g395h-s1600a1-sub2048 4.207357451021339 4.1861657221578605 4.228959683530223 1600.689938504204 648.3077546852238 2.4690279067869474 2.6699707131487567 B -387.33348221797746
jw01366-o003_t001_nirspec_f290lp-g395h-s1600a1-sub2048 4.2503927192344175 4.228959683530223 4.272191115191983 1617.5386927895472 663.6358585367828 2.437388926445259 1.6353216193266944 B -810.39005230088
jw01366-o003_t001_nirspec_f290lp-g395h-s1600a1-sub2048 4.294061577405182 4.272191115191983 4.315864489275377 1616.1816867427744 715.2390574692986 2.2596384661392017 2.9479013025085705 B -431.0418344433131
jw01366-o003_t001_nirspec_f290lp-g395h-s1600a1-sub2048 4.338028945583763 4.315864489275377 4.359984323629951 1613.5977827954393 705.1580996378705 2.288278023926964 1.4573771637122175 B -808.5079636785953
jw01366-o003_t001_nirspec_f290lp-g395h-s1600a1-sub2048 4.382292526328891 4.359984323629951 4.404555182289925 1884.3574319139675 858.443078223385 2.195087222106552 1.2521395132277808 B -1077.6874452667062
jw01366-o003_t001_nirspec_f290lp-g395h-s1600a1-sub2048 4.427183224065289 4.404555182289925 4.449581675946319 2011.9358124200985 751.3161512043464 2.677881753500176 1.0 B -478.11230070604614
jw01366-o003_t001_nirspec_f290lp-g395h-s1600a1-sub2048 4.472367260391756 4.449581675946319 4.495068462423912 2202.893434095675 762.5494226692684 2.8888533236108813 1.0153921842487088 B -1060.197875951907
jw01366-o003_t001_nirspec_f290lp-g395h-s1600a1-sub2048 4.51784282134932 4.495068462423912 4.541020247163083 2024.8597845530683 775.2034814043254 2.6120364950953507 1.495965669352777 B -1079.5014170017491
jw01366-o003_t001_nirspec_f290lp-g395h-s1600a1-sub2048 4.563939691394629 4.541020247163083 4.587441783706563 1998.558497321804 802.7324754680861 2.4896943357828056 2.122267437072625 B -1106.9200726840922
jw01366-o003_t001_nirspec_f290lp-g395h-s1600a1-sub2048 4.610655391575036 4.587441783706563 4.634337874191177 2302.9565555862287 819.8557540189502 2.8089777308960597 1.3649419946337016 B -1264.017513706639
jw01366-o003_t001_nirspec_f290lp-g395h-s1600a1-sub2048 4.657987278471789 4.634337874191177 4.681713369844604 2536.433765266821 1149.9062248213004 2.2057744453561785 1.3989104396088967 B -1688.7492685768723
jw01366-o003_t001_nirspec_f290lp-g395h-s1600a1-sub2048 4.7056011346343425 4.681713369844604 4.729573171487222 2562.505731685856 858.0979224262267 2.986262598609382 1.1287788955779638 B -982.2134770536284
jw01366-o003_t001_nirspec_f290lp-g395h-s1600a1-sub2048 4.753824654845041 4.729573171487222 4.777922230039079 3140.7307723088975 865.1733904829541 3.630174953202952 1.535410150122103 B -502.3176020007014
jw01366-o003_t001_nirspec_f290lp-g395h-s1600a1-sub2048 4.802654612057894 4.777922230039079 4.8267655470320445 3045.5850731608693 891.7678582630982 3.4152218483101358 1.1224851568614895 B -1624.5883791363713
jw01366-o003_t001_nirspec_f290lp-g395h-s1600a1-sub2048 4.851428470986651 4.8267655470320445 4.876108175127204 2688.97318529659 911.0610824887701 2.951474096501905 1.0337269420638306 B -1141.2053890917928
jw01366-o003_t001_nirspec_f290lp-g395h-s1600a1-sub2048 4.90080251243409 4.876108175127204 4.925955218637533 3032.4476455226895 936.1891869975095 3.2391397888798266 1.4490643429111427 B -799.068327810959
jw01366-o003_t001_nirspec_f290lp-g395h-s1600a1-sub2048 4.9511015261728 4.925955218637533 4.9763118340559265 3219.5965183011795 949.1948131124954 3.391923843055813 1.8458630880339892 B -572.0151477082159
jw01366-o003_t001_nirspec_f290lp-g395h-s1600a1-sub2048 5.001663715463111 4.9763118340559265 5.02718323058861 3342.2928193369776 1010.6912036587615 3.3069376751649577 1.11543901214714 B -907.6624480151007
jw01366-o003_t001_nirspec_f290lp-g395h-s1600a1-sub2048 5.052813283104462 5.02718323058861 5.078574670694021 3237.2401643395324 976.0339538499666 3.316729045716326 1.1998662768391715 B -842.4949854550779
jw01366-o003_t001_nirspec_f290lp-g395h-s1600a1-sub2048 5.104545907234391 5.078574670694021 5.1304914706271845 2862.4991128235174 1073.722398701186 2.665958274025112 1.5230333215905723 B -751.4478336956288
jw01366-o003_t001_nirspec_f290lp-g395h-s1600a1-sub2048 5.1542430595915585 5.1304914706271845 5.182939000989666 3119.759167038882 6737.522171434771 0.4630425084559718 1.131496705553171 A -1035.3030473195802
jw01366-o003_t001_nirspec_f290lp-g395h-s1600a1-sub2048 2.8742513643152665 2.861689451535732 2.8869442128725287 1771.0475322374139 7922.295910319265 0.22355230759943187 1.530313016675123 B -287.45529880080943
